84.28430711 230.16 94.49 266.17 1828.38 14917.63 -1.00 09:51:53 -1.7 {} -1.3 {} -1.3 {}
79.35466455 235.40 102.27 123.26 1844.73 14923.17 -1.00 09:55:41 -1.8 {} -1.4 {} -1.3 {}
74.11632120 242.74 108.70 20.34 1903.87 14921.21 -1.00 09:59:22 -1.8 {} -1.4 {} -1.3 {}
69.43490099 249.74 111.77 -12.53 1991.32 14901.89 -1.00 10:02:43 -1.8 {} -1.3 {} -1.3 {}
64.81346569 258.11 114.57 -43.56 2087.83 14875.87 -1.00 10:05:09 -1.8 {} -1.3 {} -1.3 {}
59.33899140 273.91 162.90 -665.93 2047.85 14793.55 -1.00 10:07:35 -1.8 {} -1.4 {} -1.3 {}
54.07819259 252.78 154.19 -753.97 1328.15 14407.49 -1.00 10:10:21 -1.8 {} -1.3 {} -1.3 {}
49.54542040 234.96 139.38 -844.70 951.25 14158.07 -1.00 10:12:57 -1.8 {} -1.3 {} -1.3 {}
44.62311637 275.81 160.48 -756.30 1845.40 14431.70 -1.00 10:15:24 -1.8 {} -1.3 {} -1.3 {}
40.45992038 353.05 165.14 -320.97 3357.68 14797.20 -1.00 10:17:52 -1.8 {} -1.4 {} -1.3 {}
34.44395101 384.92 135.06 -55.96 3547.28 14692.36 -1.00 10:20:20 -1.9 {} -1.4 {} -1.3 {}
29.58099890 333.71 122.97 -190.86 2515.46 14378.03 -1.00 10:22:57 -1.9 {} -1.3 {} -1.3 {}
24.92684066 315.28 95.45 73.79 2318.50 14301.28 -1.00 10:25:27 -1.9 {} -1.4 {} -1.3 {}
29.36586428 275.52 64.31 363.23 1964.93 14374.39 -1.00 10:27:57 -1.9 {} -1.4 {} -1.4 {}
34.51039469 233.79 33.45 656.51 1589.50 14455.28 -1.00 10:30:21 -1.9 {} -1.5 {} -1.4 {}
39.89315890 191.42 1.94 954.24 1203.82 14532.85 -1.00 10:32:51 -1.9 {} -1.5 {} -1.4 {}
44.95268474 312.88 146.51 -368.75 2436.27 14616.90 -1.00 10:41:02 -1.9 {} -1.5 {} -1.4 {}
49.40250158 308.50 123.20 -32.35 2531.69 14655.39 -1.00 10:43:26 -1.9 {} -1.6 {} -1.4 {}
54.56337201 283.92 134.89 -236.36 2173.29 14714.28 -1.00 10:45:51 -1.9 {} -1.6 {} -1.4 {}
59.04557920 264.61 141.00 -374.34 1855.50 14771.45 -1.00 10:48:28 -1.9 {} -1.5 {} -1.4 {}
64.40457903 287.33 130.23 -56.93 2354.81 14811.61 -1.00 10:50:53 -1.9 {} -1.5 {} -1.4 {}
69.63057349 318.52 163.84 -1294.59 3275.07 14729.76 -1.00 10:53:22 -1.9 {} -1.5 {} -1.4 {}
74.24982010 306.33 134.89 -1016.21 3137.75 14748.89 -1.00 10:55:51 -1.9 {} -1.4 {} -1.4 {}
79.58911107 208.91 97.49 66.26 1441.84 14918.64 -1.00 10:58:19 -1.9 {} -1.4 {} -1.4 {}
84.21712314 208.63 94.07 502.55 1613.18 14891.40 -1.00 11:00:45 -1.9 {} -1.5 {} -1.4 {}
80.02327487 250.24 110.64 80.38 2063.74 14914.00 -1.00 11:03:11 -1.9 {} -1.4 {} -1.3 {}
74.81975732 264.69 106.95 -200.48 2123.74 14945.41 -1.00 11:05:44 -1.9 {} -1.4 {} -1.3 {}
69.42925762 278.55 91.84 -62.31 2279.43 14923.72 -1.00 11:07:25 -1.9 {} -1.4 {} -1.4 {}
