84.72472582 -20.39 42.37 803.67 132.08 599.56 8.22 06:47:20 7.7 {} 8.6 {} 8.3 {}
79.05699300 -18.54 50.64 771.48 204.96 596.72 8.17 06:50:00 7.7 {} 8.4 {} 8.3 {}
75.09796676 -8.04 65.12 635.85 326.98 593.46 8.15 06:52:33 7.6 {} 8.4 {} 8.3 {}
70.09938070 -6.94 68.40 651.33 373.28 579.31 8.10 06:55:17 7.6 {} 8.5 {} 8.2 {}
64.60793339 -7.10 77.16 603.82 415.28 565.57 8.07 06:57:48 7.5 {} 8.4 {} 8.2 {}
58.91013837 2.66 93.20 494.80 535.37 532.11 8.05 07:00:25 7.4 {} 8.4 {} 8.2 {}
54.09560549 10.91 97.38 487.00 627.21 510.72 7.98 07:03:09 7.4 {} 8.3 {} 8.1 {}
49.89347456 23.28 105.59 390.48 746.08 475.28 7.95 07:05:47 7.4 {} 8.2 {} 8.1 {}
44.71668254 17.96 118.57 338.76 682.38 429.65 7.93 07:08:31 7.3 {} 8.2 {} 8.1 {}
39.22348643 29.75 115.97 382.19 792.98 386.22 7.85 07:11:11 7.3 {} 8.1 {} 8.0 {}
34.53762448 22.59 131.30 264.49 696.18 346.47 7.80 07:13:45 7.3 {} 7.9 {} 8.0 {}
29.69017553 20.97 156.29 109.98 685.21 301.30 7.75 07:16:18 7.3 {} 7.9 {} 7.9 {}
24.61811841 18.42 182.85 -48.96 658.75 254.67 7.75 07:18:45 7.3 {} 7.9 {} 7.9 {}
29.96417927 9.05 198.54 -136.71 615.26 307.55 7.73 07:21:09 7.3 {} 7.8 {} 7.9 {}
34.05963338 2.44 205.72 -172.28 578.06 348.67 7.70 07:23:11 7.2 {} 7.8 {} 7.9 {}
39.45595884 -9.07 222.44 -262.56 504.78 401.38 7.62 07:24:59 7.2 {} 7.7 {} 7.8 {}
44.48295486 -21.31 239.29 -354.98 420.55 443.16 7.67 07:26:49 7.2 {} 7.7 {} 7.9 {}
49.82900499 -34.93 255.63 -445.13 319.43 484.78 7.60 07:28:39 7.1 {} 7.7 {} 7.8 {}
54.74692093 -48.76 272.24 -538.59 212.29 518.06 7.58 07:30:34 7.1 {} 7.6 {} 7.8 {}
60.12441728 -64.22 288.38 -629.90 85.60 550.04 7.58 07:32:24 7.0 {} 7.7 {} 7.8 {}
64.31349122 -78.27 305.56 -728.98 -29.74 571.65 7.52 07:34:09 7.0 {} 7.7 {} 7.7 {}
69.27032065 -94.29 321.99 -824.59 -168.35 592.98 7.52 07:36:02 7.0 {} 7.7 {} 7.7 {}
74.89872155 -112.37 337.75 -917.74 -331.72 613.99 7.55 07:37:50 7.0 {} 7.8 {} 7.7 {}
79.49255155 -128.64 354.65 -1018.08 -478.77 624.74 7.52 07:39:37 7.0 {} 7.7 {} 7.7 {}
85.12544783 -147.80 370.56 -1114.84 -659.88 636.97 7.47 07:41:26 7.0 {} 7.7 {} 7.6 {}
79.74517272 -141.01 396.78 -1265.02 -554.35 631.06 7.47 07:43:21 6.9 {} 7.6 {} 7.7 {}
74.64806376 -135.38 422.76 -1415.48 -463.84 617.97 7.45 07:45:13 6.9 {} 7.7 {} 7.6 {}
69.46714114 -129.98 448.81 -1567.80 -379.66 600.81 7.45 07:47:05 6.9 {} 7.7 {} 7.6 {}
