84.93085894 205.69 -41.51 773.04 544.94 696.94 12.00 02:43:38 12.0 {} 12.2 {} 12.1 {}
80.55808588 209.72 -30.18 692.30 622.06 696.11 11.75 02:45:33 11.9 {} 12.1 {} 12.1 {}
75.13744888 215.08 -16.75 598.67 714.82 689.20 11.75 02:47:30 11.8 {} 12.1 {} 12.1 {}
70.07953236 220.34 -4.95 518.62 797.67 676.88 11.75 02:49:25 11.7 {} 12.1 {} 12.0 {}
65.04114232 225.82 5.94 446.35 876.14 659.19 11.25 02:51:28 11.7 {} 11.9 {} 12.0 {}
59.65861414 231.85 16.53 378.36 954.53 669.36 11.00 02:53:23 11.7 {} 11.9 {} 11.9 {}
55.25441632 236.88 24.40 329.95 1014.12 644.66 11.00 02:55:20 11.6 {} 11.9 {} 11.9 {}
49.83627914 243.12 32.94 279.86 1081.22 609.04 11.00 02:57:18 11.5 {} 11.8 {} 11.9 {}
45.03260384 248.67 39.46 244.72 1134.33 572.97 11.00 02:59:16 11.4 {} 11.8 {} 11.8 {}
40.46356818 253.94 44.70 219.27 1179.26 534.90 11.00 03:00:57 11.4 {} 11.7 {} 11.8 {}
35.20549451 260.04 49.42 200.22 1223.84 486.95 11.00 03:02:55 11.3 {} 11.7 {} 11.8 {}
29.81776284 266.13 52.90 192.11 1261.03 433.57 11.00 03:04:51 11.3 {} 11.7 {} 11.7 {}
25.61748800 270.66 54.64 193.68 1283.39 389.27 11.00 03:06:50 11.2 {} 11.6 {} 11.7 {}
29.82167887 266.09 52.94 192.09 1260.79 433.58 11.00 03:08:31 11.2 {} 11.6 {} 11.6 {}
35.26264701 259.94 49.43 200.38 1223.29 487.49 11.00 03:10:26 11.2 {} 11.5 {} 11.6 {}
39.66756367 254.91 45.50 215.82 1186.59 527.91 11.00 03:12:06 11.2 {} 11.5 {} 11.6 {}
44.99279986 248.75 39.54 244.32 1134.87 572.61 11.00 03:14:03 11.1 {} 11.5 {} 11.6 {}
49.88624333 243.05 32.88 280.37 1080.45 609.39 11.00 03:16:01 11.2 {} 11.4 {} 11.5 {}
55.01483069 237.17 24.83 327.36 1017.21 643.17 11.00 03:17:57 11.1 {} 11.4 {} 11.5 {}
60.35229775 230.94 15.25 386.46 944.28 672.81 11.00 03:19:39 11.1 {} 11.4 {} 11.5 {}
65.08916459 225.79 5.84 446.95 875.49 694.39 11.00 03:21:33 11.1 {} 11.4 {} 11.4 {}
69.67637489 220.73 -4.05 512.28 803.97 710.65 11.00 03:23:23 11.1 {} 11.4 {} 11.4 {}
74.44531022 215.80 -15.05 587.26 726.50 722.86 11.00 03:25:19 11.1 {} 11.3 {} 11.4 {}
80.23505136 210.05 -29.34 686.41 627.80 730.90 11.00 03:27:16 11.0 {} 11.3 {} 11.4 {}
84.48614870 206.04 -40.32 764.58 552.78 732.05 11.00 03:29:10 11.0 {} 11.2 {} 11.4 {}
79.93675754 210.32 -28.61 681.17 632.87 730.68 11.00 03:31:10 11.1 {} 11.3 {} 11.4 {}
75.00390706 215.20 -16.41 596.54 716.95 723.96 11.00 03:33:08 11.0 {} 11.3 {} 11.4 {}
70.46612450 219.87 -5.83 524.53 791.07 713.06 11.00 03:34:50 11.0 {} 11.3 {} 11.4 {}
64.90322314 225.99 6.21 444.56 878.19 693.64 11.00 03:36:46 11.0 {} 11.2 {} 11.3 {}
60.25888178 231.13 15.42 385.50 945.99 672.41 10.75 03:38:26 10.9 {} 11.2 {} 11.4 {}
55.25485620 236.85 24.42 329.90 1013.96 656.31 11.00 03:40:23 10.9 {} 11.2 {} 11.4 {}
50.47533151 242.36 32.02 285.25 1073.58 625.22 10.75 03:42:19 10.9 {} 11.2 {} 11.3 {}
44.99105106 248.72 39.50 244.41 1134.83 584.32 10.75 03:44:15 10.9 {} 11.2 {} 11.4 {}
40.13197206 254.36 45.05 217.77 1182.32 543.68 11.00 03:46:12 11.0 {} 11.2 {} 11.3 {}
35.08511697 260.00 49.52 200.07 1223.89 497.51 10.75 03:47:54 10.9 {} 11.2 {} 11.3 {}
30.28394149 265.56 52.68 192.39 1257.97 450.02 10.75 03:49:51 10.9 {} 11.1 {} 11.3 {}
25.36762415 270.97 54.68 194.04 1284.83 398.24 10.75 03:51:34 10.9 {} 11.1 {} 11.3 {}
29.95469498 265.98 52.84 192.17 1260.13 446.62 10.75 03:53:30 10.9 {} 11.1 {} 11.3 {}
35.38638268 259.82 49.30 200.73 1222.39 500.28 10.75 03:55:26 10.9 {} 11.2 {} 11.3 {}
40.00554346 254.50 45.19 217.15 1183.46 542.54 10.75 03:57:07 10.9 {} 11.2 {} 11.3 {}
45.46736846 248.18 38.92 247.46 1129.80 588.03 10.75 03:58:52 10.9 {} 11.2 {} 11.3 {}
49.47308659 243.41 33.49 276.98 1084.67 618.06 10.75 04:00:33 10.9 {} 11.2 {} 11.3 {}
55.00641928 237.16 24.84 327.45 1017.28 654.80 10.75 04:02:15 10.9 {} 11.2 {} 11.3 {}
59.97996423 231.51 15.97 382.11 950.03 671.06 11.00 04:03:57 11.0 {} 11.2 {} 11.3 {}
65.33167919 225.43 5.30 450.36 871.34 706.90 10.75 04:05:39 10.9 {} 11.1 {} 11.3 {}
70.77495404 219.64 -6.50 529.03 786.67 725.61 10.75 04:07:33 10.9 {} 11.2 {} 11.3 {}
75.08478102 215.17 -16.59 597.70 715.73 735.80 10.75 04:09:31 10.9 {} 11.1 {} 11.3 {}
80.30900522 209.95 -29.49 687.77 626.34 742.63 10.75 04:11:30 10.9 {} 11.2 {} 11.3 {}
84.87706456 205.68 -41.37 771.90 545.74 743.68 10.75 04:13:26 10.9 {} 11.2 {} 11.3 {}
80.56586428 209.74 -30.15 692.27 622.08 742.82 10.75 04:15:28 10.9 {} 11.1 {} 11.3 {}
74.85514102 215.40 -16.04 594.00 719.66 723.68 10.75 04:17:27 10.9 {} 11.2 {} 11.3 {}
70.04816124 220.39 -4.92 518.21 798.21 723.49 10.75 04:19:25 10.9 {} 11.1 {} 11.3 {}
64.95248995 225.94 6.11 445.25 877.53 705.49 10.75 04:21:23 10.8 {} 11.1 {} 11.3 {}
59.61717938 231.90 16.60 377.87 955.15 680.85 10.75 04:23:18 10.8 {} 11.1 {} 11.3 {}
54.68880283 237.54 25.35 324.22 1021.53 652.87 10.75 04:25:14 10.8 {} 11.1 {} 11.3 {}
49.91020082 243.02 32.90 280.40 1080.25 621.24 10.75 04:27:07 10.8 {} 11.2 {} 11.3 {}
45.06161461 248.67 39.43 244.91 1134.21 584.88 10.75 04:29:02 10.8 {} 11.1 {} 11.3 {}
39.71173429 254.83 45.44 215.95 1186.14 539.97 10.75 04:30:44 10.8 {} 11.1 {} 11.3 {}
34.91216813 260.32 49.65 199.58 1225.99 495.81 10.75 04:32:37 10.8 {} 11.1 {} 11.2 {}
29.91685437 265.94 52.90 192.04 1260.14 446.25 10.75 04:34:36 10.7 {} 11.0 {} 11.2 {}
24.90497529 271.45 54.81 194.69 1286.81 393.23 10.75 04:36:36 10.7 {} 11.1 {} 11.2 {}
29.83683872 266.11 52.89 192.17 1260.76 457.12 10.75 04:38:30 10.8 {} 11.1 {} 11.2 {}
34.87773930 260.37 49.72 199.39 1226.25 495.46 10.75 04:40:10 10.8 {} 11.1 {} 11.2 {}
40.71147939 253.68 44.44 220.47 1176.99 548.71 10.75 04:42:08 10.8 {} 11.0 {} 11.2 {}
45.57958135 248.04 38.80 248.25 1128.59 588.94 10.75 04:44:03 10.8 {} 11.1 {} 11.2 {}
50.41896221 242.49 32.10 284.77 1074.42 624.81 10.75 04:45:57 10.8 {} 11.1 {} 11.2 {}
55.08765803 237.08 24.70 328.21 1016.30 655.30 10.75 04:47:53 10.7 {} 11.0 {} 11.2 {}
60.30760142 231.00 15.35 385.86 944.88 684.29 10.75 04:49:46 10.7 {} 11.0 {} 11.2 {}
65.15841922 225.72 5.69 448.01 874.43 718.01 10.75 04:51:42 10.7 {} 11.0 {} 11.2 {}
69.65035747 220.81 -3.95 512.06 804.50 733.99 10.50 04:53:39 10.7 {} 10.9 {} 11.1 {}
75.01374540 215.21 -16.42 596.59 716.88 735.65 10.50 04:55:30 10.7 {} 10.9 {} 11.2 {}
80.33348843 209.92 -29.54 688.13 625.95 754.32 10.75 04:57:26 10.7 {} 11.1 {} 11.2 {}
84.50925861 206.01 -40.38 764.95 552.30 743.76 10.75 04:59:18 10.7 {} 11.0 {} 11.1 {}
79.89226505 210.36 -28.44 680.21 633.61 742.40 10.75 05:01:09 10.8 {} 11.0 {} 11.1 {}
75.27610835 214.96 -17.05 600.85 712.61 736.17 10.75 05:03:02 10.8 {} 11.0 {} 11.1 {}
