84.88420996 251.30 98.24 -33.78 1400.51 14564.74 8.20 11:06:14 8.0 {} 8.1 {} 8.3 {}
79.80134890 258.40 102.94 -52.77 1502.14 14550.45 8.15 11:09:51 7.9 {} 8.1 {} 8.3 {}
74.95853481 270.94 106.07 -86.76 1644.07 14542.94 8.18 11:12:31 7.9 {} 8.2 {} 8.3 {}
69.91042445 281.77 115.95 -204.77 1782.25 14515.14 8.10 11:15:10 7.9 {} 8.1 {} 8.2 {}
64.68277775 296.69 118.02 -191.36 1955.66 14476.65 8.10 11:17:49 7.9 {} 8.1 {} 8.2 {}
60.04603241 309.37 119.55 -191.09 2099.22 14437.22 8.10 11:20:26 7.9 {} 8.1 {} 8.2 {}
54.65098368 314.63 120.37 -218.58 2121.18 14384.86 8.10 11:23:10 7.9 {} 8.1 {} 8.2 {}
49.91997479 330.67 125.64 -270.22 2273.84 14331.72 8.13 11:25:47 7.8 {} 8.1 {} 8.3 {}
44.61994063 340.27 127.96 -293.86 2345.04 14268.46 8.08 11:28:28 7.8 {} 8.1 {} 8.2 {}
39.62266349 353.17 133.65 -350.05 2470.80 14198.70 8.05 11:31:06 7.8 {} 8.0 {} 8.2 {}
34.87921988 357.80 137.74 -392.25 2485.83 14126.07 8.05 11:33:46 7.8 {} 8.0 {} 8.2 {}
29.65835380 364.03 135.40 -354.18 2526.50 14043.90 8.05 11:36:28 7.8 {} 8.0 {} 8.2 {}
24.48564947 372.30 138.64 -383.91 2592.03 13958.54 8.03 11:39:16 7.8 {} 7.9 {} 8.2 {}
29.94235682 366.35 140.94 -397.75 2535.47 14035.52 7.98 11:41:54 7.7 {} 7.9 {} 8.1 {}
34.67605864 358.46 137.21 -373.04 2469.03 14104.96 7.95 11:44:31 7.7 {} 7.9 {} 8.1 {}
40.06645106 351.01 133.52 -337.40 2416.00 14177.32 7.95 11:47:18 7.7 {} 7.9 {} 8.1 {}
44.35269606 339.02 139.57 -438.07 2292.01 14245.66 7.95 11:50:01 7.7 {} 7.9 {} 8.1 {}
49.76037263 330.97 123.52 -244.83 2239.47 14292.88 7.95 11:52:49 7.7 {} 7.8 {} 8.0 {}
54.27160132 323.44 119.90 -203.62 2176.79 14352.83 7.85 11:55:27 7.6 {} 7.8 {} 8.0 {}
59.85549901 310.19 116.37 -141.83 2055.47 14388.50 7.75 11:58:11 7.5 {} 7.7 {} 7.9 {}
64.12900889 579.52 359.36 -6059.07 8964.30 14162.12 7.73 12:00:58 7.4 {} 7.7 {} 7.9 {}
70.06401846 565.50 362.00 -6079.10 8809.69 14198.46 7.70 12:03:13 7.4 {} 7.6 {} 7.9 {}
75.20681080 552.50 371.39 -6162.17 8662.10 14217.62 7.62 12:05:17 7.3 {} 7.6 {} 7.8 {}
79.53361080 542.97 374.86 -6190.12 8546.93 14229.08 7.62 12:06:26 7.3 {} 7.6 {} 7.8 {}
84.92994699 266.45 127.37 -64.12 1296.81 13870.87 7.62 12:10:38 7.3 {} 7.6 {} 7.8 {}
79.09825610 245.10 91.98 263.13 1139.97 14568.42 7.45 12:17:49 7.2 {} 7.4 {} 7.6 {}
74.78530703 257.24 101.61 -56.77 1342.22 14225.78 7.42 12:19:51 7.2 {} 7.3 {} 7.6 {}
69.46911524 324.47 99.93 -184.06 2825.42 14200.94 7.45 12:21:53 7.2 {} 7.4 {} 7.6 {}
64.35388528 350.03 129.18 -514.19 3338.41 14029.36 7.45 12:23:56 7.2 {} 7.4 {} 7.6 {}
59.41552018 293.81 81.02 809.19 1701.95 13667.96 7.45 12:26:01 7.2 {} 7.4 {} 7.6 {}
54.93301259 296.76 94.19 355.88 1521.78 13954.93 7.40 12:28:03 7.1 {} 7.3 {} 7.6 {}
49.34549927 306.79 144.24 -857.18 1869.65 14052.47 7.35 12:30:08 7.1 {} 7.3 {} 7.5 {}
44.41922557 337.03 148.56 -755.62 2277.78 13645.35 7.40 12:32:12 7.1 {} 7.3 {} 7.6 {}
40.11749886 368.60 191.52 -1895.56 2573.19 13652.32 7.38 12:34:13 7.0 {} 7.3 {} 7.6 {}
34.91645967 398.14 193.95 -2032.92 3235.80 14234.12 7.33 12:36:17 7.0 {} 7.3 {} 7.5 {}
29.88458203 402.25 130.27 -392.91 3666.64 14061.50 7.38 12:38:21 7.0 {} 7.3 {} 7.6 {}
24.93902861 386.80 184.73 -1248.78 2940.44 13523.04 7.28 12:40:28 6.9 {} 7.2 {} 7.5 {}
29.61595344 409.93 232.30 -1707.32 3182.47 13600.53 7.30 12:42:41 7.0 {} 7.2 {} 7.5 {}
34.53546798 420.83 263.96 -2006.51 3303.86 13678.88 7.23 12:44:46 6.9 {} 7.2 {} 7.4 {}
40.10977410 407.14 261.92 -1985.88 3190.05 13759.61 7.23 12:46:07 6.9 {} 7.2 {} 7.4 {}
