85.03024015 221.90 30.78 412.93 725.28 648.92 7.25 04:46:48 7.2 {} 7.4 {} 7.2 {}
79.41875862 227.27 45.55 308.25 825.90 649.65 7.25 04:49:13 7.1 {} 7.5 {} 7.2 {}
74.51844869 232.12 57.55 224.89 908.76 641.32 7.22 04:51:00 7.1 {} 7.5 {} 7.2 {}
70.51432916 236.34 66.81 161.48 974.67 632.71 7.22 04:52:44 7.1 {} 7.5 {} 7.2 {}
64.93314586 242.38 78.95 81.12 1061.79 612.11 7.22 04:54:35 7.1 {} 7.4 {} 7.2 {}
60.33568951 247.47 88.13 22.25 1128.92 592.38 7.22 04:56:22 7.1 {} 7.4 {} 7.2 {}
54.93630634 253.64 97.74 -37.11 1202.04 563.67 7.22 04:58:11 7.1 {} 7.4 {} 7.2 {}
49.60925697 259.80 106.09 -85.84 1267.69 529.59 7.22 04:59:59 7.1 {} 7.4 {} 7.2 {}
45.19156227 264.87 112.11 -118.39 1316.82 493.93 7.20 05:01:46 7.0 {} 7.4 {} 7.2 {}
39.89954256 271.08 118.08 -147.35 1368.81 449.66 7.17 05:03:34 7.0 {} 7.3 {} 7.2 {}
34.92006456 276.75 122.44 -164.53 1410.04 406.50 7.20 05:05:21 7.0 {} 7.4 {} 7.2 {}
29.40662313 282.94 125.86 -172.13 1447.61 351.55 7.17 05:07:08 7.0 {} 7.3 {} 7.2 {}
24.34838474 288.48 127.72 -168.57 1473.66 296.48 7.17 05:08:55 7.0 {} 7.3 {} 7.2 {}
30.09347247 282.21 125.59 -172.01 1443.44 358.75 7.20 05:10:41 7.0 {} 7.4 {} 7.2 {}
35.41665945 276.18 122.12 -163.43 1406.41 413.43 7.15 05:12:25 6.9 {} 7.3 {} 7.2 {}
40.24172805 270.66 117.70 -145.72 1365.49 457.58 7.15 05:14:11 6.9 {} 7.3 {} 7.2 {}
44.67917453 265.56 112.75 -121.74 1322.26 493.31 7.15 05:15:55 6.9 {} 7.3 {} 7.2 {}
50.04265902 259.24 105.45 -82.27 1262.52 533.80 7.15 05:17:41 6.9 {} 7.3 {} 7.2 {}
54.68086349 253.93 98.17 -39.85 1205.65 565.43 7.12 05:19:25 6.8 {} 7.3 {} 7.2 {}
59.57893108 248.34 89.48 13.57 1139.45 592.09 7.12 05:21:09 6.8 {} 7.2 {} 7.2 {}
65.11791787 242.16 78.57 83.50 1059.02 619.90 7.15 05:22:54 6.9 {} 7.3 {} 7.2 {}
70.02432177 236.84 67.92 154.17 982.40 639.49 7.10 05:24:40 6.9 {} 7.3 {} 7.1 {}
74.96648488 231.70 56.46 232.01 901.73 648.01 7.15 05:26:25 6.9 {} 7.3 {} 7.2 {}
79.53753756 227.13 45.19 310.58 823.50 653.23 7.15 05:28:09 6.9 {} 7.3 {} 7.2 {}
85.40323885 221.67 30.01 418.26 720.32 655.85 7.15 05:29:56 6.9 {} 7.3 {} 7.2 {}
79.71983121 226.93 44.72 313.94 820.14 654.58 7.15 05:31:43 6.8 {} 7.3 {} 7.2 {}
74.99096808 231.63 56.34 232.80 901.09 648.05 7.12 05:33:30 6.8 {} 7.3 {} 7.2 {}
69.70773528 237.20 68.65 149.24 987.69 634.95 7.10 05:35:18 6.7 {} 7.3 {} 7.2 {}
64.93180475 242.35 78.93 81.39 1061.31 620.43 7.10 05:37:04 6.8 {} 7.2 {} 7.2 {}
59.78878711 248.08 89.08 16.14 1136.44 595.48 7.07 05:38:52 6.7 {} 7.2 {} 7.2 {}
54.65303289 253.98 98.22 -40.08 1205.92 567.62 7.07 05:42:07 6.7 {} 7.2 {} 7.2 {}
50.16805766 259.11 105.29 -81.23 1261.03 539.40 7.07 05:43:54 6.7 {} 7.2 {} 7.2 {}
44.34224617 265.93 113.17 -123.74 1325.68 495.42 7.07 05:45:42 6.7 {} 7.2 {} 7.2 {}
39.23245573 271.84 118.77 -150.30 1374.68 450.85 7.02 05:47:29 6.7 {} 7.2 {} 7.1 {}
34.66853773 277.05 122.68 -165.30 1412.15 409.73 7.00 05:49:15 6.7 {} 7.1 {} 7.1 {}
29.72626733 282.63 125.74 -172.15 1445.64 363.11 7.05 05:51:01 6.7 {} 7.1 {} 7.2 {}
25.43547330 287.34 127.50 -170.49 1468.80 317.68 7.00 05:52:48 6.7 {} 7.1 {} 7.1 {}
30.14049695 282.09 125.52 -171.96 1443.02 367.37 7.02 05:54:32 6.8 {} 7.1 {} 7.1 {}
34.68096172 277.05 122.70 -165.27 1412.07 412.20 7.05 05:56:17 6.7 {} 7.1 {} 7.2 {}
39.64911007 271.33 118.31 -148.35 1370.87 455.78 7.05 05:58:01 6.7 {} 7.1 {} 7.2 {}
45.19723783 264.91 112.09 -118.28 1316.94 503.30 7.02 05:59:47 6.7 {} 7.2 {} 7.1 {}
49.51761126 259.89 106.25 -86.66 1268.94 537.04 7.05 06:01:29 6.8 {} 7.2 {} 7.1 {}
54.60839020 254.03 98.23 -40.22 1206.29 569.81 7.00 06:03:16 6.7 {} 7.1 {} 7.1 {}
59.93346546 247.97 88.87 17.64 1134.52 600.91 7.05 06:05:01 6.8 {} 7.2 {} 7.1 {}
64.20589172 243.15 80.39 71.68 1072.30 619.73 7.07 06:06:45 6.7 {} 7.2 {} 7.2 {}
70.06511280 236.79 67.85 154.67 981.78 640.74 7.05 06:08:33 6.7 {} 7.1 {} 7.2 {}
75.40613111 231.24 55.40 239.45 894.33 649.96 7.05 06:10:18 6.7 {} 7.1 {} 7.2 {}
79.49214385 227.19 45.25 309.84 824.50 656.70 7.07 06:12:01 6.7 {} 7.2 {} 7.2 {}
84.87818036 222.08 31.33 408.40 729.76 657.17 7.07 06:13:46 6.7 {} 7.2 {} 7.2 {}
80.36415144 226.28 43.10 325.30 808.98 656.21 7.07 06:15:33 6.7 {} 7.2 {} 7.2 {}
75.29697594 231.38 55.67 237.60 896.20 649.80 7.10 06:17:21 6.8 {} 7.2 {} 7.2 {}
69.65307186 237.28 68.82 148.28 988.63 635.95 7.07 06:19:08 6.7 {} 7.2 {} 7.2 {}
64.60772954 242.72 79.58 77.02 1066.28 616.76 7.15 06:20:56 6.8 {} 7.2 {} 7.3 {}
60.24139378 247.62 88.28 21.41 1130.26 595.47 7.15 06:22:43 6.8 {} 7.2 {} 7.3 {}
55.16430483 253.38 97.40 -34.98 1199.34 567.21 7.15 06:24:31 6.8 {} 7.2 {} 7.3 {}
49.58999871 259.82 106.19 -86.29 1268.09 530.46 7.18 06:26:19 6.8 {} 7.2 {} 7.3 {}
44.51856386 265.72 112.97 -122.68 1323.90 492.25 7.15 06:28:06 6.8 {} 7.2 {} 7.3 {}
40.39533279 270.49 117.53 -144.93 1364.17 456.50 7.12 06:29:54 6.8 {} 7.3 {} 7.2 {}
34.48084748 277.25 122.86 -165.78 1413.51 403.38 7.18 06:31:42 6.9 {} 7.2 {} 7.3 {}
29.36791349 283.03 125.95 -172.37 1447.95 351.00 7.20 06:33:29 6.9 {} 7.3 {} 7.3 {}
25.03158628 287.75 127.60 -169.88 1470.63 304.13 7.20 06:35:16 6.9 {} 7.3 {} 7.3 {}
30.06794857 282.23 125.64 -172.23 1443.67 358.25 7.20 06:37:01 6.9 {} 7.3 {} 7.3 {}
34.53341877 277.16 122.73 -165.45 1413.00 403.98 7.18 06:38:45 6.8 {} 7.2 {} 7.3 {}
40.24399183 270.64 117.76 -145.95 1365.52 456.17 7.15 06:40:28 6.8 {} 7.2 {} 7.3 {}
44.45590746 265.82 113.03 -123.12 1324.58 491.56 7.18 06:42:10 6.8 {} 7.2 {} 7.3 {}
50.40325520 258.91 104.90 -79.26 1258.45 537.50 7.12 06:43:57 6.8 {} 7.3 {} 7.2 {}
55.10104761 253.43 97.49 -35.59 1199.97 568.03 7.10 06:45:42 6.8 {} 7.2 {} 7.2 {}
59.54411601 248.34 89.53 13.27 1139.75 594.26 7.12 06:47:27 6.8 {} 7.3 {} 7.2 {}
64.70424615 242.64 79.42 77.97 1065.18 617.04 7.10 06:49:13 6.8 {} 7.2 {} 7.2 {}
69.78998254 237.04 68.41 150.76 985.97 634.13 7.18 06:50:59 6.8 {} 7.3 {} 7.3 {}
75.16619143 231.53 55.93 235.65 898.28 646.06 7.15 06:52:45 6.8 {} 7.2 {} 7.3 {}
79.81342957 226.83 44.45 315.79 818.56 652.31 7.18 06:54:28 6.8 {} 7.3 {} 7.3 {}
84.85245261 222.12 31.42 408.08 729.96 653.70 7.15 06:56:13 6.8 {} 7.2 {} 7.3 {}
79.94671390 226.70 44.16 317.70 816.70 650.04 7.18 06:58:00 6.8 {} 7.3 {} 7.3 {}
75.41469272 180.64 48.50 346.54 402.10 738.87 5.38 10:10:44 5.1 {} 5.4 {} 5.5 {}
69.99337981 186.26 61.05 260.92 490.64 730.61 5.42 10:12:32 5.1 {} 5.4 {} 5.6 {}
64.62761007 192.11 72.65 184.29 574.04 714.98 5.28 10:14:20 5.0 {} 5.3 {} 5.4 {}
59.60395073 197.72 82.53 120.96 646.96 692.72 5.28 10:16:07 5.0 {} 5.3 {} 5.4 {}
54.89535437 203.10 90.91 69.41 710.73 666.06 5.30 10:17:54 5.0 {} 5.4 {} 5.4 {}
49.68992709 209.12 99.06 21.96 774.64 631.81 5.33 10:19:42 5.1 {} 5.4 {} 5.4 {}
44.81217991 214.79 105.65 -13.67 828.70 593.77 5.28 10:21:28 5.0 {} 5.3 {} 5.4 {}
40.08614920 220.28 111.00 -39.46 874.81 557.66 5.25 10:23:15 4.9 {} 5.3 {} 5.4 {}
34.85657131 226.24 115.58 -57.60 918.52 507.47 5.30 10:25:02 5.0 {} 5.4 {} 5.4 {}
29.82607769 231.91 118.79 -64.91 952.96 456.34 5.28 10:26:49 5.0 {} 5.3 {} 5.4 {}
25.01698433 237.20 120.70 -62.65 978.69 404.17 5.25 10:28:36 5.1 {} 5.3 {} 5.3 {}
29.58081651 232.16 118.92 -65.17 954.41 452.65 5.30 10:30:20 5.1 {} 5.3 {} 5.4 {}
34.59956205 226.56 115.81 -58.31 920.57 507.18 5.28 10:32:05 5.0 {} 5.3 {} 5.4 {}
40.02768777 220.29 111.01 -39.53 875.19 554.93 5.28 10:33:52 5.0 {} 5.3 {} 5.4 {}
44.79250323 214.85 105.70 -13.82 828.93 598.28 5.18 10:35:36 4.9 {} 5.2 {} 5.3 {}
49.92808579 208.84 98.74 23.82 771.89 636.92 5.18 10:37:21 4.9 {} 5.2 {} 5.3 {}
54.99515400 203.00 90.73 70.43 709.36 670.21 5.18 10:39:07 4.9 {} 5.2 {} 5.3 {}
60.12024376 197.11 81.56 127.04 639.61 698.87 5.20 10:40:51 4.9 {} 5.3 {} 5.3 {}
64.66124497 192.06 72.54 184.73 573.42 717.45 5.20 10:42:33 4.9 {} 5.3 {} 5.3 {}
69.95783517 186.36 61.15 260.17 491.53 739.79 5.25 10:44:19 4.9 {} 5.3 {} 5.4 {}
75.08906183 180.99 49.22 341.38 407.29 751.11 5.18 10:46:04 4.9 {} 5.2 {} 5.3 {}
79.73224447 176.36 37.80 420.92 328.19 758.64 5.20 10:47:48 4.9 {} 5.3 {} 5.3 {}
85.18669876 171.22 23.66 521.65 231.53 758.78 5.20 10:49:34 4.9 {} 5.3 {} 5.3 {}
79.40589474 176.66 38.56 415.51 333.70 758.34 5.18 10:51:24 4.9 {} 5.2 {} 5.3 {}
75.06084499 181.02 49.35 340.59 408.07 753.39 5.18 10:53:07 4.9 {} 5.2 {} 5.3 {}
70.05949089 186.21 60.87 262.01 489.77 740.10 5.15 10:54:53 4.8 {} 5.2 {} 5.3 {}
65.19615254 191.51 71.41 192.07 565.55 723.06 5.15 10:56:42 4.8 {} 5.2 {} 5.3 {}
60.17904851 197.06 81.42 127.82 639.03 702.62 5.15 10:58:29 4.8 {} 5.2 {} 5.3 {}
55.00854359 202.94 90.68 70.79 708.93 672.74 5.15 11:00:16 4.8 {} 5.1 {} 5.2 {}
49.71344470 209.11 99.04 22.01 774.43 637.78 5.10 11:02:04 4.8 {} 5.2 {} 5.2 {}
45.16268025 214.37 105.23 -11.51 824.94 603.57 5.15 11:03:51 4.8 {} 5.2 {} 5.3 {}
39.88904976 220.51 111.20 -40.22 876.73 561.78 5.15 11:05:39 4.8 {} 5.2 {} 5.3 {}
34.70094954 226.39 115.72 -58.00 919.61 510.74 5.10 11:07:26 4.8 {} 5.2 {} 5.2 {}
29.96398615 231.76 118.74 -64.99 952.14 463.62 5.10 11:09:13 4.9 {} 5.1 {} 5.2 {}
25.16654430 236.99 120.64 -62.82 977.91 412.84 5.12 11:10:58 4.9 {} 5.2 {} 5.2 {}
29.87119245 231.87 118.80 -64.98 952.63 465.08 5.12 11:12:44 4.9 {} 5.2 {} 5.2 {}
34.93672644 226.16 115.54 -57.44 917.98 515.13 5.18 11:14:29 4.9 {} 5.2 {} 5.3 {}
39.65260767 220.74 111.43 -41.38 878.73 556.27 5.10 11:16:13 4.9 {} 5.1 {} 5.2 {}
44.62785851 214.98 105.87 -14.69 830.42 602.97 5.15 11:17:57 4.8 {} 5.2 {} 5.3 {}
49.64303135 209.15 99.16 21.51 775.20 640.78 5.15 11:19:42 4.8 {} 5.2 {} 5.3 {}
55.21568522 202.77 90.35 72.65 706.53 675.01 5.12 11:21:29 4.9 {} 5.2 {} 5.2 {}
60.01818035 197.21 81.72 126.00 641.07 700.68 5.10 11:23:14 4.8 {} 5.2 {} 5.2 {}
65.36542138 191.30 71.10 194.10 563.04 724.90 5.15 11:24:59 4.8 {} 5.2 {} 5.3 {}
69.88162825 186.41 61.32 259.00 492.56 743.06 5.12 11:26:43 4.8 {} 5.1 {} 5.3 {}
75.35873111 180.72 48.59 345.62 403.12 757.42 5.12 11:28:28 4.8 {} 5.1 {} 5.3 {}
80.33297344 175.75 36.32 431.60 317.57 764.98 5.10 11:30:12 4.8 {} 5.2 {} 5.2 {}
84.54247508 171.81 25.34 509.39 243.10 766.02 5.07 11:31:56 4.7 {} 5.1 {} 5.2 {}
79.76268218 176.31 37.74 421.44 327.48 763.35 5.05 11:33:43 4.7 {} 5.1 {} 5.2 {}
74.69633279 181.39 50.19 334.69 414.09 759.69 5.02 11:35:30 4.7 {} 5.0 {} 5.2 {}
69.50232099 186.85 62.12 253.50 498.63 746.59 5.05 11:37:16 4.7 {} 5.1 {} 5.2 {}
64.40956794 192.39 73.04 181.41 577.45 725.67 4.97 11:39:03 4.7 {} 5.0 {} 5.1 {}
60.21983955 197.09 81.38 128.13 638.60 709.84 5.00 11:40:49 4.7 {} 5.1 {} 5.1 {}
54.96118651 203.01 90.80 70.22 709.61 680.57 5.07 11:42:36 4.8 {} 5.1 {} 5.1 {}
50.28561351 208.42 98.20 26.77 767.64 645.20 5.02 11:44:21 4.8 {} 5.1 {} 5.1 {}
45.32483587 214.18 104.98 -10.30 823.19 608.44 5.07 11:46:08 4.8 {} 5.1 {} 5.2 {}
39.72526335 220.68 111.31 -40.81 878.05 563.96 5.02 11:47:56 4.8 {} 5.1 {} 5.1 {}
34.89719068 226.20 115.60 -57.50 918.27 517.09 5.02 11:49:42 4.8 {} 5.1 {} 5.1 {}
30.22096322 231.52 118.62 -64.80 950.54 473.40 5.07 11:51:29 4.8 {} 5.1 {} 5.2 {}
25.22129355 236.94 120.61 -62.93 977.60 417.08 5.07 11:53:16 4.8 {} 5.1 {} 5.1 {}
30.31952904 231.39 118.55 -64.68 949.99 474.16 5.05 11:55:01 4.8 {} 5.1 {} 5.2 {}
35.05124603 226.04 115.48 -57.16 917.08 519.82 5.05 11:56:45 4.9 {} 5.1 {} 5.1 {}
40.15133761 220.19 110.91 -39.08 874.22 566.41 5.12 11:58:31 4.9 {} 5.1 {} 5.2 {}
44.66816675 214.94 105.83 -14.60 830.13 604.39 5.12 12:00:16 4.9 {} 5.2 {} 5.2 {}
50.09343860 208.70 98.56 25.05 770.18 642.70 5.12 12:02:01 4.9 {} 5.2 {} 5.2 {}
54.68695747 203.31 91.21 67.53 713.16 671.90 5.12 12:03:46 4.9 {} 5.2 {} 5.2 {}
60.13165924 197.16 81.59 126.94 639.79 702.37 5.12 12:05:31 4.9 {} 5.2 {} 5.2 {}
65.05235395 191.63 71.75 189.87 567.72 722.48 5.12 12:07:14 4.9 {} 5.2 {} 5.2 {}
70.43170639 185.84 60.06 267.50 483.66 738.89 5.23 12:09:00 5.0 {} 5.3 {} 5.3 {}
74.96518669 181.14 49.62 339.04 409.54 750.84 5.18 12:10:45 4.9 {} 5.2 {} 5.3 {}
79.94748637 176.16 37.29 424.61 324.54 757.63 5.18 12:12:31 4.9 {} 5.2 {} 5.3 {}
84.86981186 171.52 24.48 515.33 237.53 758.94 5.23 12:14:14 5.0 {} 5.3 {} 5.3 {}
