84.84930906 140.33 93.90 552.93 877.08 592.11 7.70 07:38:01 7.2 {} 8.0 {} 7.8 {}
79.66803239 144.65 105.78 468.27 958.52 591.88 7.73 07:39:43 7.3 {} 8.1 {} 7.8 {}
75.17620143 149.14 116.94 390.73 1035.39 584.84 7.70 07:41:23 7.2 {} 8.0 {} 7.8 {}
69.76215194 154.77 129.43 305.34 1123.91 571.93 7.73 07:43:04 7.2 {} 8.1 {} 7.8 {}
64.89808402 160.04 140.04 235.34 1199.73 554.83 7.73 07:44:45 7.2 {} 8.1 {} 7.8 {}
59.86385677 165.63 149.87 171.72 1272.80 532.09 7.70 07:46:26 7.2 {} 8.0 {} 7.8 {}
54.96515618 171.11 158.69 117.43 1339.09 504.96 7.73 07:48:04 7.2 {} 8.1 {} 7.8 {}
50.16657708 176.72 166.41 72.27 1399.21 473.62 7.73 07:49:47 7.2 {} 8.1 {} 7.8 {}
44.84202753 183.11 173.83 31.79 1460.25 432.97 7.73 07:51:29 7.2 {} 8.1 {} 7.8 {}
40.23993633 188.37 179.04 6.39 1505.30 395.94 7.73 07:53:09 7.2 {} 8.0 {} 7.7 {}
34.53998482 194.84 184.14 -13.69 1552.86 343.95 7.67 07:54:52 7.3 {} 8.0 {} 7.7 {}
29.96468352 200.02 187.06 -20.68 1584.12 301.10 7.67 07:56:33 7.3 {} 8.0 {} 7.7 {}
25.05766808 205.35 189.07 -18.86 1610.56 244.90 7.67 07:58:13 7.3 {} 8.0 {} 7.7 {}
29.90523504 200.26 187.19 -20.72 1585.36 296.65 7.70 07:59:52 7.3 {} 8.1 {} 7.7 {}
34.42909157 195.14 184.26 -14.11 1554.40 343.11 7.75 08:01:31 7.3 {} 8.1 {} 7.8 {}
40.11811040 188.63 179.29 5.40 1507.09 396.59 7.67 08:03:11 7.2 {} 8.1 {} 7.7 {}
44.76379286 183.22 173.99 31.05 1461.35 435.66 7.65 08:04:50 7.2 {} 8.0 {} 7.7 {}
50.03294943 177.10 166.81 69.79 1402.85 473.83 7.62 08:06:29 7.1 {} 8.0 {} 7.7 {}
55.06827102 171.23 158.77 116.96 1339.87 507.02 7.67 08:08:13 7.1 {} 8.0 {} 7.7 {}
60.10066364 165.54 149.88 171.95 1272.29 534.57 7.65 08:09:53 7.2 {} 8.0 {} 7.7 {}
64.65965710 160.44 140.85 230.01 1205.60 557.93 7.60 08:11:36 7.1 {} 7.9 {} 7.7 {}
69.87461159 154.86 129.82 303.13 1125.81 576.23 7.62 08:13:17 7.2 {} 7.9 {} 7.7 {}
75.22136983 149.27 117.35 387.89 1038.15 588.02 7.65 08:14:57 7.2 {} 8.0 {} 7.7 {}
79.78014872 144.81 106.06 466.50 960.32 595.30 7.62 08:16:34 7.2 {} 8.0 {} 7.7 {}
84.37781964 140.42 94.10 551.42 878.60 596.80 7.65 08:18:12 7.2 {} 8.0 {} 7.7 {}
79.78156493 144.65 105.69 469.11 957.78 594.27 7.67 08:19:52 7.2 {} 8.1 {} 7.7 {}
74.61108146 149.76 118.37 380.90 1045.46 587.20 7.67 08:21:36 7.2 {} 8.1 {} 7.7 {}
70.27412125 154.28 128.40 312.53 1116.28 575.65 7.65 08:23:14 7.1 {} 8.0 {} 7.7 {}
64.79628883 160.18 140.29 233.60 1201.60 559.02 7.60 08:24:56 7.1 {} 7.9 {} 7.7 {}
59.96387098 165.55 149.78 172.34 1271.98 538.25 7.60 08:26:36 7.1 {} 7.9 {} 7.7 {}
54.87182604 171.29 158.93 116.06 1340.87 510.01 7.62 08:28:18 7.1 {} 8.0 {} 7.7 {}
49.56653475 177.58 167.48 66.13 1408.06 474.21 7.65 08:30:00 7.2 {} 8.0 {} 7.7 {}
44.58140265 183.36 174.23 29.90 1463.05 435.36 7.62 08:31:41 7.2 {} 7.9 {} 7.7 {}
39.78889607 188.87 179.49 4.35 1509.26 395.56 7.62 08:33:24 7.2 {} 7.9 {} 7.7 {}
35.16388808 194.16 183.60 -11.94 1547.96 351.18 7.70 08:35:05 7.3 {} 8.1 {} 7.7 {}
30.40367530 199.52 186.84 -20.33 1581.26 303.40 7.70 08:36:46 7.3 {} 8.1 {} 7.7 {}
25.37564931 205.02 188.89 -19.13 1608.98 249.73 7.78 08:38:27 7.3 {} 8.2 {} 7.8 {}
29.90235972 200.26 187.19 -20.72 1585.44 295.34 7.78 08:40:06 7.3 {} 8.2 {} 7.8 {}
34.60923946 194.99 184.20 -13.83 1553.38 343.35 7.73 08:41:46 7.2 {} 8.1 {} 7.8 {}
40.24729631 188.53 179.19 5.71 1506.29 392.63 7.75 08:43:25 7.3 {} 8.1 {} 7.8 {}
44.71089970 183.31 174.06 30.64 1462.03 429.17 7.73 08:45:02 7.2 {} 8.1 {} 7.8 {}
49.92605804 177.18 166.95 69.10 1403.79 469.73 7.70 08:46:42 7.3 {} 8.1 {} 7.7 {}
55.04294024 171.29 158.83 116.59 1340.30 504.45 7.78 08:48:22 7.3 {} 8.2 {} 7.8 {}
59.78747819 165.90 150.35 168.90 1276.19 530.94 7.75 08:50:00 7.3 {} 8.1 {} 7.8 {}
65.11210284 160.11 140.21 234.23 1200.67 553.37 7.75 08:51:39 7.3 {} 8.1 {} 7.8 {}
69.43544816 155.33 130.78 296.66 1132.72 567.85 7.75 08:53:18 7.3 {} 8.1 {} 7.8 {}
74.84655795 149.67 118.17 382.03 1044.25 581.51 7.78 08:54:58 7.4 {} 8.1 {} 7.8 {}
80.25559708 144.27 104.86 475.03 951.69 588.64 7.83 08:56:37 7.5 {} 8.2 {} 7.8 {}
84.62032352 140.21 93.43 556.07 874.34 586.22 7.90 08:58:13 7.6 {} 8.2 {} 7.9 {}
79.92085740 144.54 105.32 471.57 955.42 582.70 7.88 08:59:53 7.5 {} 8.2 {} 7.9 {}
75.14841375 149.22 117.09 389.46 1036.83 577.73 7.88 09:01:35 7.6 {} 8.1 {} 7.9 {}
70.01177976 154.57 129.03 308.20 1120.80 566.63 7.88 09:03:18 7.6 {} 8.1 {} 7.9 {}
64.97408710 159.91 139.86 236.28 1198.62 548.11 7.90 09:04:58 7.6 {} 8.2 {} 7.9 {}
59.41619610 166.12 150.75 166.11 1279.38 523.88 7.90 09:06:40 7.6 {} 8.2 {} 7.9 {}
54.86296402 171.31 158.94 115.86 1341.05 497.07 7.88 09:08:21 7.5 {} 8.2 {} 7.9 {}
50.16300438 176.74 166.38 72.38 1399.27 465.45 7.95 09:10:00 7.7 {} 8.3 {} 7.9 {}
44.76287018 183.18 173.99 30.98 1461.19 421.62 7.92 09:11:42 7.6 {} 8.3 {} 7.9 {}
39.59004783 189.21 179.78 3.20 1511.67 377.06 7.97 09:13:24 7.7 {} 8.3 {} 7.9 {}
34.62385213 194.81 184.11 -13.59 1552.29 334.05 7.97 09:15:06 7.6 {} 8.3 {} 8.0 {}
29.69982075 200.32 187.28 -20.88 1585.87 283.04 8.03 09:16:45 7.6 {} 8.3 {} 8.0 {}
25.16720949 205.26 189.07 -18.94 1610.14 233.92 8.03 09:18:25 7.6 {} 8.3 {} 8.1 {}
30.17732905 199.92 187.01 -20.53 1583.35 285.97 8.05 09:20:05 7.6 {} 8.4 {} 8.1 {}
34.60867083 194.90 184.20 -13.83 1552.72 328.86 8.05 09:21:42 7.6 {} 8.4 {} 8.1 {}
39.72529554 189.21 179.78 3.20 1511.75 373.43 8.00 09:23:21 7.5 {} 8.3 {} 8.1 {}
45.17861257 182.91 173.64 32.86 1458.37 419.27 8.00 09:25:01 7.5 {} 8.3 {} 8.1 {}
49.98459457 177.26 167.02 68.67 1404.49 456.57 8.05 09:26:39 7.6 {} 8.4 {} 8.1 {}
55.02470122 171.37 158.96 115.80 1341.44 488.78 8.05 09:28:17 7.6 {} 8.4 {} 8.1 {}
60.15604589 165.52 149.76 172.69 1271.54 518.54 8.03 09:29:56 7.6 {} 8.3 {} 8.1 {}
64.61222492 160.44 140.93 229.45 1206.26 537.89 8.03 09:31:35 7.6 {} 8.3 {} 8.1 {}
70.02523372 154.61 129.20 307.24 1121.70 557.17 8.03 09:33:15 7.6 {} 8.4 {} 8.1 {}
74.57401333 149.86 118.63 379.11 1047.36 568.31 8.03 09:34:52 7.6 {} 8.3 {} 8.1 {}
80.40672346 144.25 104.68 476.34 950.53 577.07 8.03 09:36:32 7.6 {} 8.3 {} 8.1 {}
85.02901706 139.85 92.50 563.04 867.62 575.63 8.05 09:38:09 7.7 {} 8.3 {} 8.1 {}
79.90328357 144.45 105.24 472.21 954.67 576.90 8.03 09:39:49 7.6 {} 8.3 {} 8.1 {}
74.95869574 149.36 117.49 386.82 1039.35 570.40 8.00 09:41:28 7.5 {} 8.3 {} 8.1 {}
69.80513165 154.77 129.50 305.06 1124.12 557.85 8.03 09:43:10 7.6 {} 8.3 {} 8.1 {}
64.57834326 160.39 140.66 230.99 1204.60 539.50 8.03 09:44:51 7.6 {} 8.3 {} 8.1 {}
60.18021795 165.29 149.32 175.12 1268.88 519.50 8.07 09:46:34 7.7 {} 8.4 {} 8.1 {}
54.75547181 171.61 159.30 113.68 1344.08 488.70 8.05 09:48:15 7.7 {} 8.3 {} 8.1 {}
49.87351893 177.18 166.96 69.03 1404.00 454.42 8.12 09:49:56 7.7 {} 8.4 {} 8.2 {}
44.84610449 182.99 173.74 32.11 1459.72 416.92 8.05 09:51:38 7.6 {} 8.4 {} 8.1 {}
39.98660706 188.62 179.26 5.35 1507.20 374.11 8.10 09:53:19 7.6 {} 8.4 {} 8.2 {}
34.40210855 194.99 184.20 -13.90 1553.67 323.03 8.10 09:55:01 7.6 {} 8.4 {} 8.2 {}
29.55078649 200.42 187.27 -20.82 1586.47 275.09 8.12 09:56:43 7.6 {} 8.5 {} 8.2 {}
25.39218245 204.96 188.94 -19.28 1608.67 232.67 8.10 09:58:23 7.6 {} 8.4 {} 8.2 {}
29.86738371 200.30 187.23 -20.73 1585.60 277.29 8.12 10:00:03 7.6 {} 8.5 {} 8.2 {}
35.09441887 194.45 183.88 -12.87 1549.70 329.03 8.10 10:01:44 7.6 {} 8.5 {} 8.2 {}
40.12702606 188.73 179.34 5.10 1507.85 373.66 8.17 10:03:23 7.7 {} 8.6 {} 8.2 {}
44.68803655 183.39 174.14 30.23 1462.92 407.60 8.25 10:05:02 7.8 {} 8.6 {} 8.3 {}
49.91476057 177.27 167.09 68.32 1404.99 443.35 8.25 10:06:42 7.8 {} 8.6 {} 8.3 {}
54.76975189 171.68 159.40 113.08 1344.84 475.51 8.30 10:08:19 7.9 {} 8.7 {} 8.3 {}
60.08158777 165.54 149.90 171.76 1272.59 505.30 8.30 10:09:59 7.9 {} 8.7 {} 8.3 {}
64.83817420 160.22 140.37 232.97 1202.34 528.46 8.30 10:11:37 7.9 {} 8.7 {} 8.3 {}
69.98083780 154.67 129.29 306.63 1122.49 545.33 8.28 10:13:16 7.9 {} 8.6 {} 8.3 {}
74.82797561 149.75 118.43 380.53 1045.73 557.99 8.25 10:14:54 7.8 {} 8.6 {} 8.3 {}
80.26850387 144.31 104.92 474.74 952.10 566.47 8.32 10:16:34 7.9 {} 8.6 {} 8.4 {}
85.30187281 139.57 91.85 567.57 863.20 565.05 8.28 10:18:13 7.9 {} 8.6 {} 8.3 {}
79.76224229 144.53 105.47 470.67 956.26 561.66 8.28 10:19:55 7.9 {} 8.6 {} 8.4 {}
74.82243953 149.42 117.61 386.01 1040.27 556.27 8.30 10:21:37 7.8 {} 8.6 {} 8.4 {}
69.71503089 154.95 129.83 302.77 1126.51 543.40 8.30 10:23:18 7.8 {} 8.6 {} 8.4 {}
65.40896973 159.61 139.21 240.73 1193.84 529.53 8.30 10:24:57 7.8 {} 8.6 {} 8.4 {}
59.67765783 165.88 150.46 168.16 1276.91 506.07 8.30 10:26:40 7.8 {} 8.6 {} 8.4 {}
54.89068733 171.38 159.01 115.65 1341.46 478.19 8.22 10:28:22 7.8 {} 8.5 {} 8.3 {}
49.75021242 177.29 167.14 68.17 1404.84 443.43 8.30 10:30:05 7.8 {} 8.6 {} 8.4 {}
45.12195359 182.66 173.38 34.13 1456.22 409.11 8.25 10:31:46 7.8 {} 8.6 {} 8.3 {}
39.68996548 189.05 179.65 3.69 1510.64 366.27 8.27 10:33:27 7.7 {} 8.6 {} 8.4 {}
34.75538766 194.68 184.04 -13.39 1551.54 322.21 8.30 10:35:08 7.8 {} 8.6 {} 8.4 {}
29.74684524 200.25 187.20 -20.70 1585.63 269.17 8.20 10:36:51 7.8 {} 8.5 {} 8.3 {}
25.16450583 205.32 189.04 -18.91 1610.36 223.43 8.30 10:38:31 7.8 {} 8.6 {} 8.4 {}
29.89034342 200.22 187.23 -20.81 1585.15 271.32 8.28 10:40:10 7.8 {} 8.6 {} 8.4 {}
35.19324217 194.25 183.79 -12.48 1548.39 320.22 8.27 10:41:49 7.8 {} 8.5 {} 8.4 {}
39.92770575 188.80 179.41 4.84 1508.49 366.01 8.27 10:43:26 7.8 {} 8.5 {} 8.4 {}
44.64380156 183.47 174.33 29.46 1463.58 407.00 8.22 10:45:07 7.8 {} 8.5 {} 8.3 {}
50.16636250 177.14 166.85 69.77 1403.01 449.32 8.20 10:46:47 7.7 {} 8.5 {} 8.3 {}
55.14706359 171.28 158.84 116.46 1340.74 482.09 8.20 10:48:25 7.7 {} 8.4 {} 8.3 {}
59.68649839 166.04 150.70 166.78 1278.46 510.19 8.15 10:50:03 7.6 {} 8.4 {} 8.3 {}
65.37376842 159.68 139.46 239.07 1195.43 536.06 8.15 10:51:43 7.6 {} 8.4 {} 8.3 {}
69.83218978 154.87 129.74 303.62 1125.53 550.60 8.17 10:53:21 7.7 {} 8.4 {} 8.3 {}
75.07000741 149.35 117.48 386.88 1039.34 564.54 8.12 10:55:02 7.6 {} 8.3 {} 8.3 {}
79.87481997 144.60 105.66 469.45 957.28 572.09 8.12 10:56:41 7.6 {} 8.3 {} 8.3 {}
84.59898386 140.14 93.37 556.81 873.44 573.40 8.17 10:58:18 7.7 {} 8.4 {} 8.3 {}
79.38222693 145.12 106.81 461.22 965.56 571.70 8.15 10:59:59 7.7 {} 8.3 {} 8.3 {}
75.29437956 149.14 116.90 390.90 1035.43 564.99 8.15 11:01:39 7.7 {} 8.3 {} 8.3 {}
69.74226067 154.91 129.69 303.61 1125.78 550.54 8.15 11:03:22 7.7 {} 8.3 {} 8.3 {}
64.91900525 160.07 140.12 234.63 1200.59 532.42 8.17 11:05:01 7.7 {} 8.4 {} 8.3 {}
60.05884264 165.52 149.74 172.73 1271.66 513.85 8.12 11:06:42 7.7 {} 8.4 {} 8.2 {}
55.27108893 170.95 158.37 119.37 1336.71 487.40 8.07 11:08:23 7.6 {} 8.3 {} 8.2 {}
49.98272775 177.08 166.80 70.07 1402.46 455.41 8.05 11:10:04 7.5 {} 8.3 {} 8.2 {}
45.35848150 182.41 173.18 35.26 1454.28 421.03 8.05 11:11:43 7.5 {} 8.3 {} 8.2 {}
40.00893377 188.60 179.27 5.44 1507.01 379.03 8.03 11:13:26 7.4 {} 8.2 {} 8.2 {}
34.77908766 194.57 183.96 -13.13 1550.69 333.80 7.97 11:15:07 7.3 {} 8.2 {} 8.2 {}
29.78494334 200.14 187.16 -20.76 1584.94 283.52 7.95 11:16:49 7.4 {} 8.2 {} 8.1 {}
24.74108159 205.63 189.15 -18.51 1611.67 231.88 7.93 11:18:30 7.4 {} 8.2 {} 8.1 {}
29.67912483 200.60 187.40 -20.99 1587.19 281.69 7.93 11:20:10 7.4 {} 8.1 {} 8.1 {}
34.98726998 194.43 183.85 -12.77 1549.73 337.24 7.90 11:21:50 7.3 {} 8.1 {} 8.1 {}
40.10969899 188.58 179.30 5.41 1506.82 385.11 7.90 11:23:29 7.3 {} 8.1 {} 8.1 {}
45.08213888 183.00 173.73 32.39 1459.28 427.89 7.85 11:25:10 7.3 {} 8.1 {} 8.0 {}
50.18608210 176.91 166.60 71.20 1400.84 469.25 7.85 11:26:50 7.3 {} 8.1 {} 8.0 {}
54.69962822 171.82 159.67 111.67 1346.46 495.68 7.83 11:28:29 7.3 {} 8.0 {} 8.0 {}
59.62301587 166.23 150.89 165.49 1280.22 522.43 7.83 11:30:08 7.3 {} 8.0 {} 8.0 {}
65.29416045 159.86 139.75 237.32 1197.47 550.79 7.80 11:31:49 7.2 {} 8.0 {} 8.0 {}
69.73635981 155.05 130.06 301.37 1127.97 568.83 7.73 11:33:26 7.2 {} 7.9 {} 7.9 {}
74.64442668 149.87 118.60 379.36 1047.00 583.54 7.73 11:35:06 7.2 {} 7.9 {} 7.9 {}
79.43065689 145.06 106.82 461.16 965.33 590.39 7.70 11:36:44 7.1 {} 7.9 {} 7.9 {}
85.12352737 139.68 92.06 566.08 864.70 591.92 7.70 11:38:25 7.2 {} 7.8 {} 7.9 {}
79.65873049 144.71 105.88 467.66 959.03 591.86 7.67 11:40:07 7.2 {} 7.9 {} 7.9 {}
75.13524946 149.21 117.07 389.80 1036.45 587.07 7.62 11:41:47 7.2 {} 7.8 {} 7.9 {}
70.06214091 154.44 128.85 309.50 1119.31 575.07 7.67 11:43:29 7.1 {} 7.8 {} 7.9 {}
64.49668609 160.61 141.07 228.38 1207.62 555.05 7.62 11:45:12 7.1 {} 7.8 {} 7.8 {}
60.46164605 165.08 149.04 176.95 1266.58 538.98 7.62 11:46:52 7.1 {} 7.8 {} 7.8 {}
54.96340738 171.27 158.94 115.93 1340.97 507.59 7.62 11:48:34 7.1 {} 7.8 {} 7.8 {}
49.77158426 177.25 167.06 68.42 1404.76 474.93 7.62 11:50:16 7.1 {} 7.8 {} 7.8 {}
44.52396047 183.35 174.12 30.13 1462.76 435.62 7.62 11:51:57 7.1 {} 7.8 {} 7.8 {}
39.92328547 188.66 179.32 5.15 1507.65 397.09 7.65 11:53:38 7.2 {} 7.8 {} 7.8 {}
35.18714820 194.10 183.59 -11.95 1547.53 354.02 7.62 11:55:19 7.1 {} 7.8 {} 7.8 {}
29.97103499 199.96 187.12 -20.90 1583.68 301.84 7.62 11:57:02 7.1 {} 7.8 {} 7.8 {}
25.22697984 205.11 188.96 -19.11 1609.40 252.31 7.65 11:58:43 7.2 {} 7.8 {} 7.8 {}
29.83532595 200.43 187.30 -20.85 1586.32 297.36 7.65 12:00:22 7.2 {} 7.8 {} 7.8 {}
34.55689347 195.14 184.28 -14.15 1554.36 346.90 7.62 12:02:01 7.1 {} 7.8 {} 7.8 {}
40.44028661 188.44 179.06 6.41 1505.21 399.58 7.57 12:03:41 7.1 {} 7.8 {} 7.7 {}
44.53033339 183.56 174.36 29.12 1464.53 437.82 7.57 12:05:18 7.1 {} 7.8 {} 7.7 {}
50.28447625 176.88 166.50 71.59 1400.57 479.93 7.57 12:06:57 7.1 {} 7.8 {} 7.7 {}
54.73375665 171.68 159.42 113.03 1344.89 509.34 7.57 12:08:36 7.1 {} 7.8 {} 7.7 {}
59.61292003 166.09 150.71 166.58 1278.77 536.92 7.57 12:10:15 7.1 {} 7.8 {} 7.7 {}
65.11977396 159.92 139.84 236.63 1198.30 559.88 7.68 12:11:54 7.2 {} 7.9 {} 7.8 {}
69.62037037 155.19 130.43 298.92 1130.53 575.32 7.68 12:13:31 7.2 {} 7.9 {} 7.8 {}
74.96439275 149.60 118.02 383.47 1042.79 588.67 7.57 12:15:11 7.2 {} 7.8 {} 7.8 {}
80.06649062 144.46 105.29 471.83 954.92 595.53 7.65 12:16:50 7.2 {} 7.8 {} 7.8 {}
85.04272851 139.79 92.34 564.01 866.66 595.47 7.65 12:18:30 7.2 {} 7.8 {} 7.8 {}
79.49393557 144.85 106.21 465.30 961.35 595.24 7.57 12:20:11 7.1 {} 7.9 {} 7.8 {}
75.12709555 149.17 117.00 390.22 1036.04 589.41 7.62 12:21:52 7.1 {} 7.8 {} 7.8 {}
69.97902462 154.46 128.86 309.15 1119.66 579.70 7.55 12:23:33 7.0 {} 7.8 {} 7.7 {}
64.46872674 160.47 140.74 230.60 1205.22 560.37 7.55 12:25:14 7.0 {} 7.8 {} 7.7 {}
59.47637414 166.18 150.90 165.36 1280.29 536.40 7.62 12:26:54 7.1 {} 7.8 {} 7.8 {}
55.07866726 170.99 158.47 118.77 1337.53 513.87 7.57 12:28:34 7.1 {} 7.8 {} 7.7 {}
50.43692228 176.58 166.19 73.38 1397.80 482.64 7.57 12:30:16 7.1 {} 7.8 {} 7.7 {}
44.72751867 183.14 173.97 31.10 1461.07 439.32 7.50 12:31:59 6.9 {} 7.7 {} 7.7 {}
39.71899771 188.92 179.50 4.29 1509.57 399.91 7.50 12:33:41 6.9 {} 7.7 {} 7.7 {}
34.91316592 194.43 183.81 -12.68 1549.64 356.11 7.52 12:35:21 7.0 {} 7.7 {} 7.7 {}
29.50083304 200.49 187.27 -20.82 1586.62 303.89 7.50 12:37:03 6.9 {} 7.7 {} 7.7 {}
25.23413597 205.15 188.97 -19.01 1609.65 261.17 7.47 12:38:43 6.9 {} 7.6 {} 7.7 {}
29.81013464 200.40 187.28 -20.88 1586.11 304.88 7.42 12:40:21 6.9 {} 7.6 {} 7.6 {}
34.96218597 194.54 183.90 -12.92 1550.49 360.83 7.38 12:41:59 6.8 {} 7.5 {} 7.6 {}
39.63993692 189.20 179.78 3.34 1511.33 405.30 7.38 12:43:38 6.8 {} 7.5 {} 7.6 {}
44.53820836 183.47 174.25 29.71 1463.62 447.86 7.30 12:45:15 6.8 {} 7.4 {} 7.5 {}
49.57833647 177.79 167.70 64.95 1409.92 482.43 7.33 12:46:53 6.8 {} 7.5 {} 7.5 {}
55.23571596 171.18 158.73 117.34 1339.33 521.25 7.33 12:48:32 6.8 {} 7.5 {} 7.5 {}
60.47610852 165.17 149.21 176.15 1267.49 553.84 7.30 12:50:12 6.8 {} 7.4 {} 7.5 {}
64.62137662 160.50 140.97 229.27 1206.40 575.19 7.23 12:51:49 6.7 {} 7.4 {} 7.4 {}
69.88501856 154.76 129.58 304.64 1124.43 593.97 7.23 12:53:28 6.7 {} 7.4 {} 7.4 {}
74.45142566 149.99 118.90 377.18 1049.13 605.46 7.23 12:55:12 6.7 {} 7.4 {} 7.4 {}
79.99622747 144.52 105.45 470.93 955.84 614.17 7.25 12:56:51 6.8 {} 7.3 {} 7.4 {}
85.54390462 139.34 91.02 573.56 857.72 615.11 7.20 12:58:38 6.7 {} 7.3 {} 7.4 {}
