85.55380733 173.26 96.37 215.20 1658.62 14412.44 4.40 01:38:21 4.4 {} 4.8 {} 4.2 {}
80.25487825 184.87 99.78 155.03 1826.41 14404.29 4.35 01:41:02 4.3 {} 4.7 {} 4.2 {}
75.32416281 197.53 111.08 0.63 1979.17 14387.33 4.35 01:43:38 4.2 {} 4.8 {} 4.2 {}
70.47870942 205.44 115.72 -44.51 2076.90 14357.39 4.27 01:46:21 4.2 {} 4.7 {} 4.1 {}
65.60471733 217.30 118.09 -21.08 2184.33 14328.01 4.25 01:49:00 4.1 {} 4.7 {} 4.1 {}
60.95565529 226.78 124.15 -126.53 2314.98 14284.42 4.22 01:51:39 4.0 {} 4.7 {} 4.1 {}
55.42888865 246.09 129.31 -166.96 2494.41 14236.46 4.17 01:54:21 3.9 {} 4.6 {} 4.1 {}
50.72116133 252.09 131.90 -198.18 2523.85 14176.56 4.08 01:56:57 3.8 {} 4.5 {} 4.0 {}
45.39433727 268.71 142.13 -271.34 2710.62 14120.80 4.08 01:59:39 3.8 {} 4.5 {} 4.0 {}
40.69788596 278.22 140.39 -285.91 2748.34 14050.94 3.98 02:02:18 3.7 {} 4.4 {} 3.9 {}
35.39744411 286.85 144.23 -309.02 2828.59 13980.43 3.95 02:04:57 3.6 {} 4.4 {} 3.9 {}
30.43558285 304.84 145.89 -329.76 3053.71 13911.20 3.88 02:07:37 3.6 {} 4.3 {} 3.8 {}
25.71138677 313.94 149.54 -348.59 3127.80 13837.05 3.82 02:10:17 3.5 {} 4.2 {} 3.8 {}
29.88609480 306.51 146.30 -347.51 3047.23 13893.11 3.80 02:13:00 3.4 {} 4.2 {} 3.8 {}
35.93327435 284.38 135.62 -206.02 2752.82 13980.33 3.77 02:15:44 3.4 {} 4.1 {} 3.8 {}
40.74041506 274.07 136.40 -212.35 2698.47 14046.09 3.75 02:18:26 3.3 {} 4.1 {} 3.8 {}
45.57312259 267.93 138.25 -257.01 2654.73 14119.14 3.75 02:21:11 3.3 {} 4.1 {} 3.8 {}
50.59471127 281.64 150.07 -935.10 3016.67 13653.74 3.63 02:23:58 3.2 {} 3.9 {} 3.7 {}
55.26214108 249.66 131.14 -197.19 2551.38 14226.48 3.63 02:26:41 3.2 {} 3.9 {} 3.7 {}
60.02964947 239.23 122.72 -104.99 2401.30 14263.12 3.57 02:29:22 3.1 {} 3.8 {} 3.7 {}
65.50813636 216.84 116.53 -6.09 2184.82 14318.50 3.52 02:32:04 3.1 {} 3.8 {} 3.6 {}
70.64715214 208.94 111.98 62.44 2041.03 14360.30 3.50 02:34:47 3.0 {} 3.8 {} 3.6 {}
75.15863833 202.73 113.79 13.26 2019.16 14385.14 3.47 02:37:29 2.9 {} 3.8 {} 3.6 {}
80.39712115 191.87 95.25 189.05 1856.80 14410.47 3.47 02:40:12 2.9 {} 3.8 {} 3.6 {}
85.27794751 176.54 100.72 146.98 1709.93 14435.95 3.45 02:42:57 2.9 {} 3.7 {} 3.6 {}
79.91256401 194.13 101.56 135.14 1955.80 14421.95 3.30 02:45:39 2.8 {} 3.6 {} 3.4 {}
75.01122412 205.34 114.34 -28.97 2084.24 14408.94 3.35 02:48:21 2.7 {} 3.7 {} 3.5 {}
70.65928646 215.02 116.12 -12.03 2193.20 14384.95 3.28 02:50:59 2.7 {} 3.6 {} 3.4 {}
65.53169688 223.56 117.50 -37.58 2282.83 14351.15 3.28 02:53:40 2.7 {} 3.6 {} 3.4 {}
60.61152788 239.08 119.05 -34.18 2477.38 14307.89 3.20 02:56:22 2.6 {} 3.6 {} 3.3 {}
55.45748100 251.60 121.32 -78.34 2598.26 14261.65 3.25 02:59:03 2.6 {} 3.6 {} 3.4 {}
50.17593262 260.57 135.21 -216.62 2664.65 14205.35 3.12 03:01:42 2.5 {} 3.4 {} 3.3 {}
44.97966777 277.87 134.86 -232.23 2869.03 14136.61 3.10 03:04:24 2.4 {} 3.4 {} 3.3 {}
40.66876790 284.59 128.45 -126.30 2868.80 14081.74 3.10 03:07:02 2.4 {} 3.4 {} 3.3 {}
35.26593004 306.70 143.94 -306.46 3081.29 14005.04 3.00 03:09:40 2.3 {} 3.3 {} 3.2 {}
30.45208380 305.55 144.44 -272.42 3058.10 13933.12 2.98 03:12:24 2.3 {} 3.2 {} 3.2 {}
25.37725864 318.79 142.54 -271.95 3132.01 13858.27 2.98 03:15:03 2.3 {} 3.2 {} 3.2 {}
30.65111444 307.33 139.64 -247.60 3036.50 13919.63 2.93 03:17:50 2.2 {} 3.1 {} 3.2 {}
35.94708236 305.06 130.60 -167.53 3037.13 13996.98 2.88 03:20:35 2.2 {} 3.1 {} 3.1 {}
40.47600291 292.08 120.78 -74.34 2925.81 14060.48 2.82 03:23:16 2.1 {} 3.0 {} 3.1 {}
45.38396249 263.34 139.26 -256.20 2651.61 14127.01 2.82 03:26:06 2.1 {} 3.0 {} 3.1 {}
50.72507735 259.96 132.78 -194.00 2599.30 14188.51 2.82 03:28:49 2.1 {} 3.0 {} 3.1 {}
55.34230694 256.77 126.09 -110.69 2598.57 14242.59 2.85 03:31:28 2.1 {} 3.1 {} 3.1 {}
60.91464968 239.65 117.14 21.18 2424.98 14309.29 2.85 03:34:16 2.1 {} 3.1 {} 3.1 {}
65.73513706 233.88 124.00 -103.52 2365.79 14356.83 2.82 03:37:04 2.0 {} 3.1 {} 3.1 {}
70.59381910 222.00 113.99 -5.15 2267.25 14382.90 2.73 03:39:47 2.0 {} 2.9 {} 3.0 {}
75.29408988 210.19 109.30 11.11 2143.97 14412.51 2.65 03:42:30 1.9 {} 2.9 {} 2.9 {}
80.36880775 192.09 104.47 138.14 1913.28 14440.35 2.70 03:45:18 1.9 {} 2.9 {} 3.0 {}
85.35263093 183.21 95.27 246.21 1794.58 14459.33 2.62 03:47:58 1.9 {} 2.8 {} 2.9 {}
80.18196508 193.47 102.13 137.02 1929.63 14442.13 2.65 03:50:39 1.9 {} 2.9 {} 2.9 {}
75.58082874 212.12 113.81 -69.11 2208.65 14424.60 2.62 03:53:18 1.9 {} 2.8 {} 2.9 {}
70.51762291 214.53 109.94 47.22 2150.27 14411.53 2.62 03:55:57 1.9 {} 2.8 {} 2.9 {}
64.92390833 225.94 118.57 -82.58 2314.03 14377.27 2.57 03:58:36 1.9 {} 2.8 {} 2.8 {}
60.79679342 239.93 126.10 -167.04 2474.44 14346.46 2.65 04:01:17 1.9 {} 2.8 {} 2.9 {}
55.60418710 251.41 126.77 -166.99 2592.64 14289.48 2.60 04:03:57 1.8 {} 2.9 {} 2.9 {}
49.93691562 275.56 152.64 -534.74 2791.18 13520.23 2.60 04:06:43 1.8 {} 2.8 {} 2.9 {}
45.44668326 273.24 130.91 -157.36 2798.25 14161.67 2.55 04:09:24 1.8 {} 2.8 {} 2.8 {}
40.37754438 282.57 141.92 -302.12 2791.54 14087.79 2.60 04:12:04 1.8 {} 2.8 {} 2.9 {}
35.16812597 288.26 143.46 -340.93 2829.22 14019.17 2.52 04:14:43 1.8 {} 2.7 {} 2.8 {}
30.75398251 308.80 140.74 -243.70 3078.84 13945.11 2.50 04:17:25 1.7 {} 2.7 {} 2.8 {}
25.76620040 318.88 145.83 -326.73 3187.67 13869.57 2.50 04:20:07 1.7 {} 2.7 {} 2.8 {}
30.35952614 308.93 143.64 -228.67 3062.13 13937.88 2.50 04:22:51 1.7 {} 2.7 {} 2.8 {}
35.46385560 299.30 142.05 -300.58 2987.32 14003.71 2.50 04:25:31 1.7 {} 2.7 {} 2.8 {}
40.14256142 288.97 136.08 -199.59 2897.56 14065.70 2.50 04:28:14 1.7 {} 2.7 {} 2.8 {}
45.09558211 274.02 138.25 -249.95 2705.63 14131.40 2.48 04:30:54 1.7 {} 2.6 {} 2.8 {}
50.39097068 264.92 123.75 -74.18 2711.07 14186.40 2.52 04:33:35 1.8 {} 2.7 {} 2.8 {}
55.66594227 252.00 121.58 -56.66 2540.15 14256.12 2.57 04:36:19 1.9 {} 2.8 {} 2.8 {}
60.12825820 241.90 117.77 -4.84 2427.29 14308.87 2.52 04:39:02 1.8 {} 2.7 {} 2.8 {}
65.27399024 222.66 117.22 4.97 2194.56 14356.17 2.55 04:41:44 1.8 {} 2.8 {} 2.8 {}
70.58542915 222.48 115.09 23.14 2270.78 14389.15 2.57 04:44:27 1.9 {} 2.8 {} 2.8 {}
75.49535211 205.86 111.08 31.80 2050.00 14422.84 2.57 04:47:10 1.9 {} 2.8 {} 2.8 {}
80.94771428 185.70 105.26 80.28 1844.76 14449.16 2.68 04:49:54 2.0 {} 2.9 {} 2.9 {}
85.64346821 182.92 92.62 233.09 1805.99 14461.35 2.75 04:52:33 2.1 {} 2.9 {} 3.0 {}
80.27762338 197.18 94.86 205.06 1955.71 14446.19 2.80 04:55:18 2.1 {} 2.9 {} 3.1 {}
75.37816104 202.91 112.45 9.10 2033.43 14429.68 2.80 04:57:04 2.1 {} 2.9 {} 3.1 {}
