85.03413471 32.41 -16.37 1385.59 -690.15 954.45 6.90 05:49:31 6.6 {} 6.8 {} 7.1 {}
79.70911310 44.95 -11.50 1359.97 -551.90 947.20 6.85 05:50:27 6.6 {} 6.8 {} 7.0 {}
75.02127704 55.50 -7.10 1335.82 -437.63 939.80 6.80 05:51:23 6.6 {} 6.8 {} 6.9 {}
85.70214422 41.84 -11.19 1373.18 -603.44 974.55 6.65 06:12:56 6.4 {} 6.6 {} 6.8 {}
80.24609133 46.88 -0.88 1284.34 -480.94 977.66 6.60 06:15:29 6.4 {} 6.6 {} 6.7 {}
75.17339048 43.23 22.94 1094.81 -503.09 973.63 6.60 06:17:52 6.4 {} 6.6 {} 6.7 {}
70.23760029 51.82 14.47 1192.15 -387.15 962.81 6.57 06:20:16 6.3 {} 6.6 {} 6.7 {}
64.83568511 59.57 30.47 1077.56 -259.31 935.49 6.55 06:22:41 6.3 {} 6.5 {} 6.7 {}
60.00846002 57.55 46.40 922.08 -311.90 915.70 6.55 06:25:05 6.2 {} 6.6 {} 6.7 {}
55.17788753 71.09 58.40 869.12 -143.68 898.12 6.52 06:27:35 6.2 {} 6.5 {} 6.7 {}
50.34173605 71.77 57.14 921.44 -73.27 874.64 6.50 06:29:59 6.2 {} 6.4 {} 6.7 {}
45.57654509 99.69 55.31 947.42 148.73 834.30 6.50 06:32:30 6.2 {} 6.4 {} 6.7 {}
40.22099994 93.76 74.20 793.06 61.19 795.38 6.45 06:34:59 6.1 {} 6.3 {} 6.7 {}
34.97640167 94.86 70.83 870.41 70.29 741.77 6.40 06:37:25 6.1 {} 6.3 {} 6.6 {}
30.15067862 100.76 74.09 834.30 76.29 683.54 6.38 06:39:52 6.0 {} 6.3 {} 6.6 {}
25.31151233 114.20 79.11 825.49 239.82 640.27 6.33 06:42:22 5.9 {} 6.2 {} 6.6 {}
30.13976739 98.94 83.49 765.13 78.73 686.83 6.35 06:44:51 6.0 {} 6.3 {} 6.6 {}
35.58360014 95.01 79.48 763.54 58.40 749.19 6.33 06:47:20 5.9 {} 6.2 {} 6.6 {}
40.47194741 93.81 79.93 741.22 63.21 782.21 6.28 06:49:46 5.9 {} 6.2 {} 6.5 {}
45.35143266 79.00 71.64 831.29 -97.78 822.95 6.22 06:52:14 5.8 {} 6.1 {} 6.5 {}
50.29178259 79.23 56.74 894.97 -104.40 871.09 6.22 06:54:42 5.8 {} 6.1 {} 6.5 {}
55.20306811 75.87 61.66 842.14 -128.20 903.59 6.22 06:57:11 5.8 {} 6.1 {} 6.5 {}
60.13001773 66.31 62.57 828.88 -232.84 924.73 6.20 06:59:38 5.9 {} 6.1 {} 6.4 {}
65.28907499 51.34 31.75 1061.63 -359.18 953.20 6.12 07:02:10 5.7 {} 6.0 {} 6.4 {}
70.32270142 41.01 22.94 1121.51 -487.73 975.84 6.13 07:04:35 5.8 {} 5.9 {} 6.4 {}
75.48816379 46.20 28.90 1051.83 -510.64 1001.21 6.10 07:07:06 5.7 {} 5.9 {} 6.3 {}
80.40527507 35.22 -10.16 1268.26 -616.46 1006.99 6.05 07:09:30 5.7 {} 5.9 {} 6.3 {}
85.25688680 36.10 -8.01 1284.01 -657.21 1016.38 6.05 07:11:57 5.7 {} 5.9 {} 6.3 {}
80.21205946 44.40 11.69 1149.44 -542.07 1000.20 6.00 07:14:21 5.7 {} 5.8 {} 6.2 {}
75.02148089 48.71 10.77 1224.97 -461.66 1008.43 5.95 07:16:48 5.6 {} 5.8 {} 6.2 {}
70.60123273 52.92 28.24 1075.12 -396.77 998.39 5.97 07:19:13 5.6 {} 5.9 {} 6.2 {}
65.37749132 56.32 37.45 996.31 -341.00 980.85 5.97 07:21:37 5.6 {} 5.9 {} 6.2 {}
60.36596629 55.19 38.62 966.18 -308.69 953.53 5.97 07:24:00 5.6 {} 5.9 {} 6.2 {}
55.20342216 65.16 55.34 842.19 -169.24 926.04 5.92 07:26:25 5.5 {} 5.8 {} 6.2 {}
50.29000161 76.14 61.96 915.58 -37.27 901.12 5.87 07:28:50 5.6 {} 5.7 {} 6.1 {}
45.01218687 83.31 71.99 783.33 12.88 870.65 5.88 07:31:15 5.5 {} 5.8 {} 6.1 {}
40.46760223 93.21 75.80 811.01 127.92 844.14 5.88 07:33:41 5.4 {} 5.7 {} 6.2 {}
35.58053169 106.12 73.80 836.05 105.01 786.31 5.83 07:36:09 5.4 {} 5.7 {} 6.1 {}
30.15430497 95.37 88.76 697.89 80.32 736.46 5.83 07:38:34 5.4 {} 5.7 {} 6.1 {}
25.75654444 104.91 90.81 710.69 134.34 694.80 5.77 07:40:58 5.3 {} 5.6 {} 6.1 {}
30.20986961 94.48 82.77 760.95 26.89 747.11 5.83 07:43:27 5.4 {} 5.6 {} 6.1 {}
35.18976603 85.14 79.06 789.30 -23.84 779.65 5.80 07:45:53 5.4 {} 5.6 {} 6.1 {}
40.28976104 74.99 84.82 694.75 -175.94 838.26 5.77 07:48:23 5.3 {} 5.6 {} 6.1 {}
45.17393480 74.48 69.40 840.43 -115.01 868.23 5.77 07:50:54 5.3 {} 5.6 {} 6.1 {}
50.17341135 73.63 56.58 884.17 -99.45 901.23 5.75 07:53:26 5.4 {} 5.6 {} 6.1 {}
55.08260474 61.01 71.57 763.02 -213.93 948.44 5.77 07:55:54 5.4 {} 5.5 {} 6.1 {}
60.32511088 72.91 57.10 806.08 -91.14 967.78 5.75 07:58:24 5.3 {} 5.5 {} 6.1 {}
65.03922186 58.00 45.22 944.06 -315.75 995.94 5.80 08:00:51 5.4 {} 5.6 {} 6.1 {}
70.31624266 47.36 25.29 1112.38 -428.60 1023.84 5.72 08:03:20 5.4 {} 5.5 {} 6.0 {}
75.46889480 43.35 19.94 1150.76 -490.13 1041.22 5.75 08:05:45 5.4 {} 5.6 {} 6.0 {}
80.57877107 49.33 1.50 1230.62 -473.14 1046.81 5.75 08:08:10 5.4 {} 5.6 {} 6.0 {}
85.29773148 32.68 -15.08 1374.78 -666.65 1050.41 5.75 08:10:33 5.4 {} 5.6 {} 6.0 {}
80.55791421 46.01 -15.35 1346.56 -509.41 1048.79 5.67 08:13:02 5.4 {} 5.5 {} 5.9 {}
75.09965119 50.83 8.39 1237.89 -423.11 1039.53 5.70 08:15:25 5.4 {} 5.6 {} 5.9 {}
69.99741385 40.57 27.20 1125.19 -427.70 1029.86 5.65 08:17:46 5.3 {} 5.5 {} 5.9 {}
65.24161062 43.32 33.49 1055.96 -391.26 1006.22 5.70 08:20:12 5.4 {} 5.6 {} 5.9 {}
60.47373744 60.41 40.47 994.89 -214.77 995.08 5.70 08:22:36 5.3 {} 5.6 {} 5.9 {}
55.13093815 77.27 50.27 961.69 -60.01 968.62 5.65 08:25:08 5.3 {} 5.5 {} 5.9 {}
50.57978746 79.90 57.39 857.42 -29.87 927.99 5.63 08:27:33 5.3 {} 5.4 {} 5.9 {}
45.59969792 81.66 54.46 931.43 -37.48 898.75 5.63 08:29:56 5.3 {} 5.4 {} 5.9 {}
40.35051844 96.82 47.96 1003.46 94.37 843.85 5.63 08:32:21 5.3 {} 5.4 {} 5.9 {}
35.49526963 90.62 78.38 792.19 48.29 803.24 5.63 08:34:46 5.3 {} 5.4 {} 5.9 {}
30.31855271 89.67 83.61 749.32 25.90 746.56 5.53 08:37:12 5.2 {} 5.3 {} 5.8 {}
25.23821293 95.64 91.96 728.27 95.89 684.17 5.55 08:39:42 5.2 {} 5.4 {} 5.8 {}
30.79076096 87.67 78.74 827.51 2.19 748.42 5.55 08:42:10 5.2 {} 5.4 {} 5.8 {}
35.30151759 80.42 68.19 913.41 -23.92 792.14 5.53 08:44:37 5.2 {} 5.3 {} 5.8 {}
40.43409607 84.29 74.39 793.58 -16.37 823.99 5.50 08:47:06 5.1 {} 5.3 {} 5.8 {}
45.46660671 76.15 55.03 979.03 -99.46 861.50 5.53 08:49:34 5.2 {} 5.3 {} 5.8 {}
50.11165617 73.56 60.79 900.54 -128.30 908.47 5.55 08:52:01 5.2 {} 5.3 {} 5.8 {}
55.59617266 65.11 56.71 897.72 -148.74 939.37 5.53 08:54:31 5.2 {} 5.3 {} 5.8 {}
60.53213450 68.78 39.37 996.11 -177.65 980.57 5.50 08:56:58 5.2 {} 5.2 {} 5.8 {}
65.14903149 50.13 29.67 1113.16 -399.29 983.63 5.53 08:59:24 5.2 {} 5.3 {} 5.8 {}
70.31549164 48.87 27.37 1147.26 -399.13 1023.54 5.53 09:01:49 5.2 {} 5.3 {} 5.8 {}
75.31945285 58.80 -4.55 1349.54 -390.92 1042.58 5.47 09:04:26 5.2 {} 5.3 {} 5.7 {}
80.32489463 34.72 10.43 1207.26 -591.58 1043.90 5.47 09:06:52 5.2 {} 5.3 {} 5.7 {}
85.37488254 37.09 -10.67 1350.28 -642.87 1050.33 5.47 09:09:23 5.2 {} 5.3 {} 5.7 {}
80.17062470 31.36 12.46 1167.64 -610.64 1041.63 5.45 09:11:45 5.2 {} 5.2 {} 5.7 {}
75.37944850 46.28 13.84 1194.59 -469.85 1035.29 5.47 09:14:12 5.2 {} 5.3 {} 5.7 {}
70.08053014 47.14 22.26 1155.77 -415.11 1016.55 5.37 09:16:41 5.1 {} 5.2 {} 5.6 {}
65.54996809 48.30 36.27 1070.77 -366.05 996.54 5.40 09:19:03 5.1 {} 5.3 {} 5.6 {}
60.22682402 55.18 44.05 984.90 -269.06 969.59 5.37 09:21:28 5.1 {} 5.2 {} 5.6 {}
55.15224562 72.45 53.24 893.86 -98.33 951.39 5.37 09:24:01 5.1 {} 5.2 {} 5.6 {}
49.84949706 72.14 66.96 840.84 -99.65 909.60 5.35 09:26:29 5.0 {} 5.2 {} 5.6 {}
45.22275100 77.32 70.80 856.80 -8.22 877.53 5.35 09:28:58 5.0 {} 5.2 {} 5.6 {}
40.01809619 88.83 79.82 767.44 69.92 824.07 5.37 09:31:24 5.1 {} 5.2 {} 5.6 {}
35.56325826 94.54 83.30 734.00 106.82 795.37 5.33 09:33:50 5.0 {} 5.1 {} 5.6 {}
30.04869031 91.19 80.47 779.73 58.79 740.37 5.35 09:36:22 5.0 {} 5.2 {} 5.6 {}
25.57855306 96.95 87.10 821.01 70.27 701.01 5.30 09:39:09 4.9 {} 5.1 {} 5.6 {}
30.40563867 96.65 83.61 753.24 85.74 744.11 5.33 09:41:35 4.9 {} 5.2 {} 5.6 {}
35.24127517 85.05 72.28 885.48 11.95 782.52 5.30 09:44:03 4.9 {} 5.1 {} 5.6 {}
40.35868309 82.36 64.02 926.29 -52.34 844.84 5.33 09:46:31 5.0 {} 5.1 {} 5.6 {}
45.12228618 73.25 60.21 929.00 -122.99 896.82 5.35 09:48:57 5.1 {} 5.1 {} 5.6 {}
50.02974151 84.66 51.74 992.18 30.95 932.77 5.35 09:51:29 5.1 {} 5.1 {} 5.6 {}
55.07516966 68.77 46.30 1011.07 -121.05 965.24 5.35 09:53:55 5.1 {} 5.1 {} 5.6 {}
60.45637819 66.42 47.79 968.29 -164.92 978.96 5.40 09:56:25 5.2 {} 5.2 {} 5.6 {}
65.22348961 49.88 40.38 990.10 -365.56 1002.58 5.35 09:58:52 5.1 {} 5.1 {} 5.6 {}
70.62559791 53.35 7.28 1305.52 -354.95 1036.74 5.37 10:01:22 5.2 {} 5.1 {} 5.6 {}
75.45839127 55.41 0.99 1318.59 -368.53 1053.45 5.40 10:03:48 5.2 {} 5.2 {} 5.6 {}
79.99910280 47.79 5.87 1221.81 -401.95 1065.82 5.40 10:06:14 5.2 {} 5.2 {} 5.6 {}
85.35465868 41.28 -30.56 1544.51 -558.84 1059.79 5.42 10:08:46 5.2 {} 5.3 {} 5.6 {}
80.33547326 43.84 -9.75 1440.94 -480.98 1071.93 5.47 10:11:15 5.2 {} 5.3 {} 5.7 {}
